0.0001000000 0.00000000000049843591354847476000
0.0003500000 0.00000000000004730752984459787200
0.0006000000 0.00000000000002759605907601541900
0.0008500000 0.00000000000001947957111248147500
0.0011000000 0.00000000000001505239585964477600
0.0013500000 0.00000000000001226491514489574200
0.0016000000 0.00000000000001068004792404124200
0.0018500000 0.00000000000001068004792404124200
0.0021000000 0.00000000000001068004792404124200
0.0023500000 0.00000000000001068004792404124200
0.0026000000 0.00000000000001068004792404124200
0.0028500000 0.00000000000001153304568160548300
0.0031000000 0.00000000000001254471635543052700
0.0033500000 0.00000000000001355638702925556900
0.0036000000 0.00000000000001456805770308061300
0.0038500000 0.00000000000001571554166124152100
0.0041000000 0.00000000000001782278666388733900
0.0043500000 0.00000000000002006256279877502600
0.0046000000 0.00000000000002243487006590458800
0.0048500000 0.00000000000002493970846527601600
0.0051000000 0.00000000000002757707799688932900
0.0053500000 0.00000000000003034697866074451700
0.0056000000 0.00000000000003324941045684157100
0.0058500000 0.00000000000003667416910102260400
0.0061000000 0.00000000000004157978026761377300
0.0063500000 0.00000000000004690442980024512600
0.0066000000 0.00000000000005266529140244289400
0.0068500000 0.00000000000005887953877773330100
0.0071000000 0.00000000000006556434562964262900
0.0073500000 0.00000000000007273688566169707000
0.0076000000 0.00000000000008041433257742286800
0.0078500000 0.00000000000008861386008034625300
0.0081000000 0.00000000000009735264187399350600
0.0083500000 0.00000000000010664785166189085000
0.0086000000 0.00000000000011651666314756452000
0.0088500000 0.00000000000012697625003454073000
0.0091000000 0.00000000000013804378602634571000
0.0093500000 0.00000000000015049355007135175000
0.0096000000 0.00000000000016724624499302696000
0.0098500000 0.00000000000018536014717799018000
0.0101000000 0.00000000000020490706784894296000
0.0103500000 0.00000000000022596066427544277000
0.0106000000 0.00000000000024859643977390333000
0.0108500000 0.00000000000027289174370759428000
0.0111000000 0.00000000000029892577148664123000
0.0113500000 0.00000000000032677956456802650000
0.0116000000 0.00000000000035653601045558786000
0.0118500000 0.00000000000038827984270001917000
0.0121000000 0.00000000000042209764089887074000
0.0123500000 0.00000000000045807783069654868000
0.0126000000 0.00000000000049631068378431532000
0.0128500000 0.00000000000053688831790028890000
0.0131000000 0.00000000000057990469682944394000
0.0133500000 0.00000000000062545563040361051000
0.0136000000 0.00000000000067363877450147600000
0.0138500000 0.00000000000072455363104858269000
0.0141000000 0.00000000000077830154801732927000
0.0143500000 0.00000000000083498571942697060000
0.0146000000 0.00000000000089471118534361760000
0.0148500000 0.00000000000095758483188023711000
0.0151000000 0.00000000000102371539119665190000
0.0153500000 0.00000000000109321344149954220000
0.0156000000 0.00000000000116619140704244240000
0.0158500000 0.00000000000124276355812574400000
0.0161000000 0.00000000000132304601109669420000
0.0163500000 0.00000000000140715672834939660000
0.0166000000 0.00000000000149521551832481080000
0.0168500000 0.00000000000158734403551075230000
0.0171000000 0.00000000000168366578044189300000
0.0173500000 0.00000000000178430609969976040000
0.0176000000 0.00000000000188939218591273850000
0.0178500000 0.00000000000199905307775606750000
0.0181000000 0.00000000000211341965995184260000
0.0183500000 0.00000000000223262466326901470000
0.0186000000 0.00000000000235680266452339540000
0.0188500000 0.00000000000248609008657764760000
0.0191000000 0.00000000000262062519834129080000
0.0193500000 0.00000000000276054811477070180000
0.0196000000 0.00000000000290600079686911330000
0.0198500000 0.00000000000305712705168661380000
0.0201000000 0.00000000000322964156962014940000
0.0203500000 0.00000000000343554868326279470000
0.0206000000 0.00000000000365182654448734230000
0.0208500000 0.00000000000387886206273101750000
0.0211000000 0.00000000000411705165309682230000
0.0213500000 0.00000000000436680135171356230000
0.0216000000 0.00000000000462852693109586360000
0.0218500000 0.00000000000490265401550419860000
0.0221000000 0.00000000000518961819630489900000
0.0223500000 0.00000000000548986514733019700000
0.0226000000 0.00000000000580385074023822120000
0.0228500000 0.00000000000613204115987303600000
0.0231000000 0.00000000000647491301962465610000
0.0233500000 0.00000000000683295347678907160000
0.0236000000 0.00000000000720666034792826530000
0.0238500000 0.00000000000759654222423024210000
0.0241000000 0.00000000000800311858686903800000
0.0243500000 0.00000000000842691992236475300000
0.0246000000 0.00000000000886848783794357140000
0.0248500000 0.00000000000932837517689777520000
0.0251000000 0.00000000000980714613394577660000
0.0253500000 0.00000000001030537637059213100000
0.0256000000 0.00000000001082365313048755900000
0.0258500000 0.00000000001136257535478897700000
0.0261000000 0.00000000001192275379751951100000
0.0263500000 0.00000000001250481114092851000000
0.0266000000 0.00000000001310938211085159900000
0.0268500000 0.00000000001373711359207066300000
0.0271000000 0.00000000001438866474367388200000
0.0273500000 0.00000000001506470711441576500000
0.0276000000 0.00000000001576592475807715600000
0.0278500000 0.00000000001649301434882526400000
0.0281000000 0.00000000001724668529657367700000
0.0283500000 0.00000000001802765986234240000000
0.0286000000 0.00000000001883667327361785200000
0.0288500000 0.00000000001967447383971290500000
0.0291000000 0.00000000002054182306712690900000
0.0293500000 0.00000000002143949577490569100000
0.0296000000 0.00000000002236828021000160700000
0.0298500000 0.00000000002332897816263354100000
0.0301000000 0.00000000002432240508164691600000
0.0303500000 0.00000000002534939018987378000000
0.0306000000 0.00000000002641077659949273600000
0.0308500000 0.00000000002750742142738903100000
0.0311000000 0.00000000002864019591051454900000
0.0313500000 0.00000000002980998552124784600000
0.0316000000 0.00000000003101769008275413200000
0.0318500000 0.00000000003226422388434536000000
0.0321000000 0.00000000003355051579684021200000
0.0323500000 0.00000000003487750938792409700000
0.0326000000 0.00000000003624616303750922100000
0.0328500000 0.00000000003765745005309457500000
0.0331000000 0.00000000003911235878512595400000
0.0333500000 0.00000000004061189274235600300000
0.0336000000 0.00000000004215707070720423800000
0.0338500000 0.00000000004374892685111703300000
0.0341000000 0.00000000004538851084992766900000
0.0343500000 0.00000000004707688799921635000000
0.0346000000 0.00000000004881513932967024600000
0.0348500000 0.00000000005060436172244347700000
0.0351000000 0.00000000005244566802451714000000
0.0353500000 0.00000000005434018716405936600000
0.0356000000 0.00000000005628906426578530200000
0.0358500000 0.00000000005829346076631714800000
0.0361000000 0.00000000006035455452954418300000
0.0363500000 0.00000000006247353996198274700000
0.0366000000 0.00000000006465162812813643000000
0.0368500000 0.00000000006689004686585580600000
0.0371000000 0.00000000006919004090169868300000
0.0373500000 0.00000000007155287196629004200000
0.0376000000 0.00000000007397981890968207900000
0.0378500000 0.00000000007647217781671415900000
0.0381000000 0.00000000007903126212237296000000
0.0383500000 0.00000000008165840272715242800000
0.0386000000 0.00000000008435494811241376600000
0.0388500000 0.00000000008712226445574549200000
0.0391000000 0.00000000008996173574632349300000
0.0393500000 0.00000000009287476390027096500000
0.0396000000 0.00000000009586276887601852000000
0.0398500000 0.00000000009892718878966416500000
0.0401000000 0.00000000010206948003033329000000
0.0403500000 0.00000000010529111737553877000000
0.0406000000 0.00000000010859359410654093000000
0.0408500000 0.00000000011197842212370757000000
0.0411000000 0.00000000011544713206187399000000
0.0413500000 0.00000000011900127340570304000000
0.0416000000 0.00000000012264241460504515000000
0.0418500000 0.00000000012637214319029820000000
0.0421000000 0.00000000013019206588776783000000
0.0423500000 0.00000000013410380873502719000000
0.0426000000 0.00000000013810901719627706000000
0.0428500000 0.00000000014220935627770594000000
0.0431000000 0.00000000014640651064284996000000
0.0433500000 0.00000000015070218472795298000000
0.0436000000 0.00000000015509810285732655000000
0.0438500000 0.00000000015959600935871001000000
0.0441000000 0.00000000016419766867863025000000
0.0443500000 0.00000000016890486549776252000000
0.0446000000 0.00000000017371940484628922000000
0.0448500000 0.00000000017864311221926092000000
0.0451000000 0.00000000018367783369195606000000
0.0453500000 0.00000000018882543603524072000000
0.0456000000 0.00000000019408780683092917000000
0.0458500000 0.00000000019946685458714339000000
0.0461000000 0.00000000020496450885367335000000
0.0463500000 0.00000000021058272033733703000000
0.0466000000 0.00000000021632346101734035000000
0.0468500000 0.00000000022218872426063724000000
0.0471000000 0.00000000022818052493728965000000
0.0473500000 0.00000000023430089953582758000000
0.0476000000 0.00000000024055190627860913000000
0.0478500000 0.00000000024693562523718042000000
0.0481000000 0.00000000025345415844763574000000
0.0483500000 0.00000000026010963002597756000000
0.0486000000 0.00000000026690418628347630000000
0.0488500000 0.00000000027383999584203082000000
0.0491000000 0.00000000028091924974952797000000
0.0493500000 0.00000000028814416159520295000000
0.0496000000 0.00000000029551696762499915000000
0.0498500000 0.00000000030303992685692824000000
0.0501000000 0.00000000031071532119643014000000
0.0503500000 0.00000000031854545555173311000000
0.0506000000 0.00000000032653265794921373000000
0.0508500000 0.00000000033467927964875691000000
0.0511000000 0.00000000034298769525911592000000
0.0513500000 0.00000000035226015652137669000000
0.0516000000 0.00000000036267619098733572000000
0.0518500000 0.00000000037334763146128222000000
0.0521000000 0.00000000038427946370144936000000
0.0523500000 0.00000000039547674610747908000000
0.0526000000 0.00000000040694461042260115000000
0.0528500000 0.00000000041868826243919017000000
0.0531000000 0.00000000043071298270769880000000
0.0533500000 0.00000000044302412724896978000000
0.0536000000 0.00000000045562712826992496000000
0.0538500000 0.00000000046852749488263170000000
0.0541000000 0.00000000048173081382674642000000
0.0543500000 0.00000000049524275019533693000000
0.0546000000 0.00000000050906904816408048000000
0.0548500000 0.00000000052321553172384090000000
0.0551000000 0.00000000053768810541662179000000
0.0553500000 0.00000000055249275507489861000000
0.0556000000 0.00000000056763554856432718000000
0.0558500000 0.00000000058312263652983001000000
0.0561000000 0.00000000059896025314505975000000
0.0563500000 0.00000000061515471686524234000000
0.0566000000 0.00000000063171243118339349000000
0.0568500000 0.00000000064863988538991604000000
0.0571000000 0.00000000066594365533557376000000
0.0573500000 0.00000000068363040419784273000000
0.0576000000 0.00000000070170688325063970000000
0.0578500000 0.00000000072017993263742856000000
0.0581000000 0.00000000073905648214770411000000
0.0583500000 0.00000000075834355199685307000000
0.0586000000 0.00000000077804825360939317000000
0.0588500000 0.00000000079817779040558869000000
0.0591000000 0.00000000081873945859144468000000
0.0593500000 0.00000000083974064795207796000000
0.0596000000 0.00000000086118884264846554000000
0.0598500000 0.00000000088309162201757094000000
0.0601000000 0.00000000090545666137584766000000
0.0603500000 0.00000000092829173282612063000000
0.0606000000 0.00000000095160470606784413000000
0.0608500000 0.00000000097540354921073865000000
0.0611000000 0.00000000099969632959180328000000
0.0613500000 0.00000000102449121459570820000000
0.0616000000 0.00000000104979647247856190000000
0.0618500000 0.00000000107562047319505820000000
0.0621000000 0.00000000110197168922899850000000
0.0623500000 0.00000000112885869642719410000000
0.0626000000 0.00000000115629017483674450000000
0.0628500000 0.00000000118427490954569050000000
0.0631000000 0.00000000121282179152705260000000
0.0633500000 0.00000000124193981848623800000000
0.0636000000 0.00000000127163809571183070000000
0.0638500000 0.00000000130192583692975490000000
0.0641000000 0.00000000133281236516082520000000
0.0643500000 0.00000000136430711358165830000000
0.0646000000 0.00000000139641962638897680000000
0.0648500000 0.00000000142915955966728370000000
0.0651000000 0.00000000146253668225991650000000
0.0653500000 0.00000000149656087664347610000000
0.0656000000 0.00000000153124213980563780000000
0.0658500000 0.00000000156659058412633420000000
0.0661000000 0.00000000160261643826232090000000
0.0663500000 0.00000000163933004803511450000000
0.0666000000 0.00000000167674187732231400000000
0.0668500000 0.00000000171486250895229410000000
0.0671000000 0.00000000175370264560227900000000
0.0673500000 0.00000000179327311069979310000000
0.0676000000 0.00000000183358484932748940000000
0.0678500000 0.00000000187464892913135560000000
0.0681000000 0.00000000191647654123229550000000
0.0683500000 0.00000000195907900114109100000000
0.0686000000 0.00000000200246774967674000000000
0.0688500000 0.00000000204665435388817110000000
0.0691000000 0.00000000209165050797933830000000
0.0693500000 0.00000000213746803423769030000000
0.0696000000 0.00000000218411888396601840000000
0.0698500000 0.00000000223161513841768250000000
0.0701000000 0.00000000227996900973521400000000
0.0703500000 0.00000000232919284189229570000000
0.0706000000 0.00000000237929911163912190000000
0.0708500000 0.00000000243030042945113030000000
0.0711000000 0.00000000248220954048111790000000
0.0713500000 0.00000000253503932551473070000000
0.0716000000 0.00000000258880280192932940000000
0.0718500000 0.00000000264351312465623890000000
0.0721000000 0.00000000269918358714636780000000
0.0723500000 0.00000000275582762233920940000000
0.0726000000 0.00000000281345880363522090000000
0.0728500000 0.00000000287209084587157760000000
0.0731000000 0.00000000293173760630130530000000
0.0733500000 0.00000000299409097451374380000000
0.0736000000 0.00000000306625920666019140000000
0.0738500000 0.00000000313991334329856070000000
0.0741000000 0.00000000321507879240665530000000
0.0743500000 0.00000000329178130834797120000000
0.0746000000 0.00000000337004699540140750000000
0.0748500000 0.00000000344990231131484740000000
0.0751000000 0.00000000353137407088272960000000
0.0753500000 0.00000000361448944954767140000000
0.0756000000 0.00000000369927598702623590000000
0.0758500000 0.00000000378576159095891510000000
0.0761000000 0.00000000387397454058442130000000
0.0763500000 0.00000000396394349043834730000000
0.0766000000 0.00000000405569747407630060000000
0.0768500000 0.00000000414926590782157670000000
0.0771000000 0.00000000424467859453744840000000
0.0773500000 0.00000000434196572742416980000000
0.0776000000 0.00000000444115789384075670000000
0.0778500000 0.00000000454228607915163610000000
0.0781000000 0.00000000464538167059824110000000
0.0783500000 0.00000000475047646119562740000000
0.0786000000 0.00000000485760265365420630000000
0.0788500000 0.00000000496679286432665330000000
0.0791000000 0.00000000507808012718009440000000
0.0793500000 0.00000000519149789779363870000000
0.0796000000 0.00000000530708005738133690000000
0.0798500000 0.00000000542486091684065210000000
0.0801000000 0.00000000554487522082652530000000
0.0803500000 0.00000000566715815185110400000000
0.0806000000 0.00000000579174533440923170000000
0.0808500000 0.00000000591867283912976220000000
0.0811000000 0.00000000604797718695278920000000
0.0813500000 0.00000000617969535333287720000000
0.0816000000 0.00000000631386477246835230000000
0.0818500000 0.00000000646776618256515470000000
0.0821000000 0.00000000662750552156210810000000
0.0823500000 0.00000000679068631397837740000000
0.0826000000 0.00000000695737191666622290000000
0.0828500000 0.00000000712762665550646720000000
0.0831000000 0.00000000730151583722926540000000
0.0833500000 0.00000000747910576134271590000000
0.0836000000 0.00000000766046373216992690000000
0.0838500000 0.00000000784565807099521270000000
0.0841000000 0.00000000803475812832009280000000
0.0843500000 0.00000000822783429622971350000000
0.0846000000 0.00000000842495802087040130000000
0.0848500000 0.00000000862620181503895960000000
0.0851000000 0.00000000883163927088443040000000
0.0853500000 0.00000000904134507272294390000000
0.0856000000 0.00000000925539500996634120000000
0.0858500000 0.00000000947386599016524730000000
0.0861000000 0.00000000969683605216725850000000
0.0863500000 0.00000000992438437939092920000000
0.0866000000 0.00000001015659131321622400000000
0.0868500000 0.00000001039353836649212100000000
0.0871000000 0.00000001063530823716205000000000
0.0873500000 0.00000001088198482200784000000000
0.0876000000 0.00000001113365323051287100000000
0.0878500000 0.00000001139039979884511800000000
0.0881000000 0.00000001165231210396076200000000
0.0883500000 0.00000001191947897782906800000000
0.0886000000 0.00000001219199052177923200000000
0.0888500000 0.00000001246993812096988900000000
0.0891000000 0.00000001275341445898195800000000
0.0893500000 0.00000001304251353253554200000000
0.0896000000 0.00000001333733066633159700000000
0.0898500000 0.00000001363796252801904000000000
0.0901000000 0.00000001394450714328803300000000
0.0903500000 0.00000001425706391109011500000000
0.0906000000 0.00000001457573361898593600000000
0.0908500000 0.00000001490061845862125900000000
0.0911000000 0.00000001523182204133197500000000
0.0913500000 0.00000001556944941387882300000000
0.0916000000 0.00000001591360707431256600000000
0.0918500000 0.00000001626440298797027800000000
0.0921000000 0.00000001662194660360355400000000
0.0923500000 0.00000001698634886963927300000000
0.0926000000 0.00000001735772225057367000000000
0.0928500000 0.00000001773618074350058800000000
0.0931000000 0.00000001812183989477425900000000
0.0933500000 0.00000001851481681680781600000000
0.0936000000 0.00000001891523020500793200000000
0.0938500000 0.00000001932320035484648500000000
0.0941000000 0.00000001973884917906987600000000
0.0943500000 0.00000002016230022504684600000000
0.0946000000 0.00000002059367869225546300000000
0.0948500000 0.00000002103311144991003600000000
0.0951000000 0.00000002148072705472870900000000
0.0953500000 0.00000002193665576884248800000000
0.0956000000 0.00000002240102957784642200000000
0.0958500000 0.00000002287398220899372100000000
0.0961000000 0.00000002335564914953353700000000
0.0963500000 0.00000002384616766519316900000000
0.0966000000 0.00000002434567681880548600000000
0.0968500000 0.00000002485431748908224700000000
0.0971000000 0.00000002537223238953414200000000
0.0973500000 0.00000002589956608753833500000000
0.0976000000 0.00000002643646502355416200000000
0.0978500000 0.00000002698307753048789600000000
0.0981000000 0.00000002753955385320724200000000
0.0983500000 0.00000002810604616820637900000000
0.0986000000 0.00000002868270860342228400000000
0.0988500000 0.00000002926969725820317400000000
0.0991000000 0.00000002986717022342978200000000
0.0993500000 0.00000003047528760179026300000000
0.0996000000 0.00000003109421152820955200000000
0.0998500000 0.00000003172410619043385900000000
